0.995833 0.936535
0.9875 0.806454
0.979167 0.688477
0.970833 0.591878
0.9625 0.519539
0.954167 0.469192
0.945833 0.436278
0.9375 0.415506
0.929167 0.402404
0.920833 0.393482
0.9125 0.386522
0.904167 0.380103
0.895833 0.373544
0.8875 0.366462
0.879167 0.358781
0.870833 0.35046
0.8625 0.341584
0.854167 0.332195
0.845833 0.322401
0.8375 0.312257
0.829167 0.301861
0.820833 0.291265
0.8125 0.28055
0.804167 0.269756
0.795833 0.258947
0.7875 0.248153
0.779167 0.237418
0.770833 0.22676
0.7625 0.21621
0.754167 0.205775
0.745833 0.195472
0.7375 0.185301
0.729167 0.175271
0.720833 0.165376
0.7125 0.155618
0.704167 0.145989
0.695833 0.136487
0.6875 0.127103
0.679167 0.117831
0.670833 0.108663
0.6625 0.0995943
0.654167 0.0906153
0.645833 0.0817214
0.6375 0.0729046
0.629167 0.0641604
0.620833 0.0554818
0.6125 0.0468649
0.604167 0.0383036
0.595833 0.0297945
0.5875 0.0213323
0.579167 0.0129139
0.570833 0.00453509
0.5625 -0.00380704
0.554167 -0.0121161
0.545833 -0.0203946
0.5375 -0.0286455
0.529167 -0.0368709
0.520833 -0.0450733
0.5125 -0.0532541
0.504167 -0.0614152
0.495833 -0.0695577
0.4875 -0.0776827
0.479167 -0.0857909
0.470833 -0.0938829
0.4625 -0.101959
0.454167 -0.110019
0.445833 -0.118065
0.4375 -0.126096
0.429167 -0.134113
0.420833 -0.14212
0.4125 -0.150119
0.404167 -0.158115
0.395833 -0.166117
0.3875 -0.174133
0.379167 -0.182178
0.370833 -0.190269
0.3625 -0.198427
0.354167 -0.206677
0.345833 -0.21505
0.3375 -0.223576
0.329167 -0.232291
0.320833 -0.241228
0.3125 -0.250418
0.304167 -0.259886
0.295833 -0.269642
0.2875 -0.279682
0.279167 -0.289977
0.270833 -0.30047
0.2625 -0.311067
0.254167 -0.321636
0.245833 -0.332003
0.2375 -0.341953
0.229167 -0.351232
0.220833 -0.359559
0.2125 -0.366633
0.204167 -0.372154
0.195833 -0.375836
0.1875 -0.377429
0.179167 -0.376735
0.170833 -0.373625
0.1625 -0.368048
0.154167 -0.360034
0.145833 -0.349695
0.1375 -0.337216
0.129167 -0.322843
0.120833 -0.306867
0.1125 -0.289605
0.104167 -0.271374
0.0958333 -0.252475
0.0875 -0.23316
0.0791667 -0.213613
0.0708333 -0.193924
0.0625 -0.174083
0.0541667 -0.153975
0.0458333 -0.133397
0.0375 -0.112092
0.0291667 -0.08978
0.0208333 -0.0661973
0.0125 -0.041116
0.00416667 -0.0143388