0.996988 0.952489
0.990964 0.854906
0.98494 0.760751
0.978916 0.674929
0.972892 0.600581
0.966867 0.53905
0.960843 0.49019
0.954819 0.452826
0.948795 0.425203
0.942771 0.405362
0.936747 0.391409
0.930723 0.381675
0.924699 0.374794
0.918675 0.36971
0.912651 0.365649
0.906627 0.362072
0.900602 0.358623
0.894578 0.355076
0.888554 0.351301
0.88253 0.347227
0.876506 0.342823
0.870482 0.338085
0.864458 0.33302
0.858434 0.327646
0.85241 0.321986
0.846386 0.316064
0.840361 0.309907
0.834337 0.303541
0.828313 0.296993
0.822289 0.290288
0.816265 0.28345
0.810241 0.276502
0.804217 0.269467
0.798193 0.262364
0.792169 0.255211
0.786145 0.248024
0.78012 0.240819
0.774096 0.233607
0.768072 0.226398
0.762048 0.219203
0.756024 0.212029
0.75 0.20488
0.743976 0.197762
0.737952 0.190677
0.731928 0.183628
0.725904 0.176615
0.71988 0.169639
0.713855 0.162699
0.707831 0.155794
0.701807 0.148923
0.695783 0.142083
0.689759 0.135274
0.683735 0.128492
0.677711 0.121736
0.671687 0.115004
0.665663 0.108294
0.659639 0.101604
0.653614 0.0949332
0.64759 0.0882793
0.641566 0.0816414
0.635542 0.0750186
0.629518 0.0684102
0.623494 0.0618156
0.61747 0.0552346
0.611446 0.048667
0.605422 0.0421129
0.599398 0.0355725
0.593373 0.0290464
0.587349 0.0225349
0.581325 0.0160389
0.575301 0.00955905
0.569277 0.00309627
0.563253 -0.00334848
0.557229 -0.00977415
0.551205 -0.0161796
0.545181 -0.0225638
0.539157 -0.0289255
0.533133 -0.0352634
0.527108 -0.0415763
0.521084 -0.0478628
0.51506 -0.0541218
0.509036 -0.0603517
0.503012 -0.0665513
0.496988 -0.0727192
0.490964 -0.078854
0.48494 -0.0849544
0.478916 -0.0910189
0.472892 -0.0970463
0.466867 -0.103035
0.460843 -0.108985
0.454819 -0.114893
0.448795 -0.12076
0.442771 -0.126585
0.436747 -0.132366
0.430723 -0.138105
0.424699 -0.143801
0.418675 -0.149455
0.412651 -0.155068
0.406627 -0.160643
0.400602 -0.166183
0.394578 -0.17169
0.388554 -0.177171
0.38253 -0.182632
0.376506 -0.188079
0.370482 -0.193522
0.364458 -0.19897
0.358434 -0.204436
0.35241 -0.209933
0.346386 -0.215473
0.340361 -0.221073
0.334337 -0.226749
0.328313 -0.232516
0.322289 -0.238391
0.316265 -0.244389
0.310241 -0.250524
0.304217 -0.256805
0.298193 -0.263242
0.292169 -0.269836
0.286145 -0.276585
0.28012 -0.283479
0.274096 -0.290499
0.268072 -0.297618
0.262048 -0.304799
0.256024 -0.311991
0.25 -0.319135
0.243976 -0.326159
0.237952 -0.332979
0.231928 -0.339502
0.225904 -0.345624
0.21988 -0.351237
0.213855 -0.356227
0.207831 -0.360479
0.201807 -0.363879
0.195783 -0.36632
0.189759 -0.367705
0.183735 -0.367948
0.177711 -0.366982
0.171687 -0.364757
0.165663 -0.361245
0.159639 -0.356443
0.153614 -0.350369
0.14759 -0.343064
0.141566 -0.334591
0.135542 -0.325034
0.129518 -0.314491
0.123494 -0.303076
0.11747 -0.290911
0.111446 -0.278125
0.105422 -0.264845
0.0993976 -0.251196
0.0933735 -0.237293
0.0873494 -0.223233
0.0813253 -0.209097
0.0753012 -0.19494
0.0692771 -0.180791
0.063253 -0.166647
0.0572289 -0.152479
0.0512048 -0.13823
0.0451807 -0.123823
0.0391566 -0.10916
0.0331325 -0.0941358
0.0271084 -0.0786397
0.0210843 -0.0625609
0.0150602 -0.0457913
0.00903614 -0.0282243
0.00301205 -0.00975033