0.995833 0.972568
0.9875 0.916729
0.979167 0.86063
0.970833 0.804937
0.9625 0.750242
0.954167 0.697046
0.945833 0.645758
0.9375 0.596688
0.929167 0.550059
0.920833 0.506008
0.9125 0.464596
0.904167 0.425824
0.895833 0.389639
0.8875 0.355944
0.879167 0.324614
0.870833 0.2955
0.8625 0.26844
0.854167 0.243265
0.845833 0.219803
0.8375 0.197889
0.829167 0.17736
0.820833 0.158067
0.8125 0.13987
0.804167 0.122641
0.795833 0.106265
0.7875 0.0906407
0.779167 0.0756778
0.770833 0.0612989
0.7625 0.0474379
0.754167 0.0340388
0.745833 0.0210554
0.7375 0.00845028
0.729167 -0.0038063
0.720833 -0.015737
0.7125 -0.0273581
0.704167 -0.0386808
0.695833 -0.0497114
0.6875 -0.0604521
0.679167 -0.0709017
0.670833 -0.0810562
0.6625 -0.0909092
0.654167 -0.100452
0.645833 -0.109676
0.6375 -0.118569
0.629167 -0.12712
0.620833 -0.135318
0.6125 -0.143151
0.604167 -0.150606
0.595833 -0.157673
0.5875 -0.164342
0.579167 -0.170603
0.570833 -0.176448
0.5625 -0.18187
0.554167 -0.186863
0.545833 -0.191424
0.5375 -0.195549
0.529167 -0.199239
0.520833 -0.202494
0.5125 -0.205315
0.504167 -0.207709
0.495833 -0.20968
0.4875 -0.211236
0.479167 -0.212386
0.470833 -0.213139
0.4625 -0.213509
0.454167 -0.213507
0.445833 -0.213148
0.4375 -0.212447
0.429167 -0.211419
0.420833 -0.21008
0.4125 -0.208448
0.404167 -0.206539
0.395833 -0.204372
0.3875 -0.201964
0.379167 -0.199332
0.370833 -0.196494
0.3625 -0.193467
0.354167 -0.190267
0.345833 -0.186912
0.3375 -0.183417
0.329167 -0.179796
0.320833 -0.176064
0.3125 -0.172235
0.304167 -0.168322
0.295833 -0.164335
0.2875 -0.160287
0.279167 -0.156186
0.270833 -0.152043
0.2625 -0.147864
0.254167 -0.143658
0.245833 -0.13943
0.2375 -0.135185
0.229167 -0.130927
0.220833 -0.126661
0.2125 -0.122387
0.204167 -0.118108
0.195833 -0.113823
0.1875 -0.109533
0.179167 -0.105237
0.170833 -0.100932
0.1625 -0.096616
0.154167 -0.0922849
0.145833 -0.0879346
0.1375 -0.08356
0.129167 -0.0791552
0.120833 -0.0747138
0.1125 -0.0702283
0.104167 -0.0656907
0.0958333 -0.0610923
0.0875 -0.0564235
0.0791667 -0.0516739
0.0708333 -0.0468325
0.0625 -0.0418872
0.0541667 -0.0368252
0.0458333 -0.0316328
0.0375 -0.0262953
0.0291667 -0.0207968
0.0208333 -0.0151206
0.0125 -0.00924859
0.00416667 -0.00316146