0.996988 0.954352
0.990964 0.860247
0.98494 0.769219
0.978916 0.686181
0.972892 0.614306
0.966867 0.554951
0.960843 0.507958
0.954819 0.472124
0.948795 0.445667
0.942771 0.426615
0.936747 0.413079
0.930723 0.403417
0.924699 0.396301
0.918675 0.390724
0.912651 0.385963
0.906627 0.381527
0.900602 0.377102
0.894578 0.372499
0.888554 0.367617
0.88253 0.36241
0.876506 0.356866
0.870482 0.350993
0.864458 0.344814
0.858434 0.338354
0.85241 0.331642
0.846386 0.324711
0.840361 0.31759
0.834337 0.310309
0.828313 0.302895
0.822289 0.295376
0.816265 0.287775
0.810241 0.280117
0.804217 0.272421
0.798193 0.264706
0.792169 0.256989
0.786145 0.249284
0.78012 0.241605
0.774096 0.233961
0.768072 0.226362
0.762048 0.218815
0.756024 0.211326
0.75 0.203899
0.743976 0.196538
0.737952 0.189244
0.731928 0.182018
0.725904 0.174861
0.71988 0.167772
0.713855 0.16075
0.707831 0.153795
0.701807 0.146902
0.695783 0.140072
0.689759 0.133301
0.683735 0.126587
0.677711 0.119927
0.671687 0.113319
0.665663 0.106761
0.659639 0.100249
0.653614 0.0937814
0.64759 0.087356
0.641566 0.0809704
0.635542 0.0746225
0.629518 0.0683102
0.623494 0.0620315
0.61747 0.0557848
0.611446 0.0495682
0.605422 0.0433801
0.599398 0.0372191
0.593373 0.0310836
0.587349 0.0249724
0.581325 0.0188842
0.575301 0.0128177
0.569277 0.00677187
0.563253 0.000745602
0.557229 -0.00526211
0.551205 -0.0112522
0.545181 -0.0172256
0.539157 -0.0231831
0.533133 -0.0291256
0.527108 -0.0350536
0.521084 -0.0409679
0.51506 -0.0468691
0.509036 -0.0527577
0.503012 -0.0586342
0.496988 -0.064499
0.490964 -0.0703523
0.48494 -0.0761945
0.478916 -0.0820258
0.472892 -0.0878462
0.466867 -0.0936558
0.460843 -0.0994546
0.454819 -0.105243
0.448795 -0.11102
0.442771 -0.116786
0.436747 -0.122541
0.430723 -0.128286
0.424699 -0.13402
0.418675 -0.139743
0.412651 -0.145458
0.406627 -0.151163
0.400602 -0.156861
0.394578 -0.162554
0.388554 -0.168244
0.38253 -0.173935
0.376506 -0.17963
0.370482 -0.185334
0.364458 -0.191054
0.358434 -0.196796
0.35241 -0.202569
0.346386 -0.208382
0.340361 -0.214246
0.334337 -0.220172
0.328313 -0.226173
0.322289 -0.232262
0.316265 -0.238452
0.310241 -0.244757
0.304217 -0.251189
0.298193 -0.257758
0.292169 -0.264474
0.286145 -0.271342
0.28012 -0.278363
0.274096 -0.285532
0.268072 -0.292838
0.262048 -0.300262
0.256024 -0.307774
0.25 -0.315337
0.243976 -0.3229
0.237952 -0.330403
0.231928 -0.337771
0.225904 -0.344921
0.21988 -0.351756
0.213855 -0.358171
0.207831 -0.364054
0.201807 -0.369287
0.195783 -0.373751
0.189759 -0.377328
0.183735 -0.379906
0.177711 -0.381382
0.171687 -0.381666
0.165663 -0.380687
0.159639 -0.37839
0.153614 -0.374745
0.14759 -0.369747
0.141566 -0.363413
0.135542 -0.355786
0.129518 -0.346929
0.123494 -0.33693
0.11747 -0.325891
0.111446 -0.313929
0.105422 -0.301168
0.0993976 -0.287736
0.0933735 -0.273758
0.0873494 -0.259346
0.0813253 -0.244596
0.0753012 -0.229577
0.0692771 -0.214329
0.063253 -0.198853
0.0572289 -0.183114
0.0512048 -0.167041
0.0451807 -0.150532
0.0391566 -0.133464
0.0331325 -0.1157
0.0271084 -0.0971068
0.0210843 -0.0775579
0.0150602 -0.0569442
0.00903614 -0.0351737
0.00301205 -0.0121653