0.996988 0.916154
0.990964 0.749769
0.98494 0.61612
0.978916 0.526449
0.972892 0.475624
0.966867 0.451563
0.960843 0.442441
0.954819 0.439877
0.948795 0.439145
0.942771 0.438079
0.936747 0.435911
0.930723 0.432495
0.924699 0.427916
0.918675 0.422333
0.912651 0.415918
0.906627 0.408837
0.900602 0.401246
0.894578 0.393281
0.888554 0.385065
0.88253 0.376699
0.876506 0.368264
0.870482 0.359826
0.864458 0.351434
0.858434 0.34312
0.85241 0.334907
0.846386 0.326808
0.840361 0.318827
0.834337 0.310966
0.828313 0.303219
0.822289 0.295582
0.816265 0.288047
0.810241 0.280609
0.804217 0.273261
0.798193 0.265996
0.792169 0.258809
0.786145 0.251696
0.78012 0.244653
0.774096 0.237677
0.768072 0.230764
0.762048 0.223914
0.756024 0.217123
0.75 0.21039
0.743976 0.203713
0.737952 0.197091
0.731928 0.190522
0.725904 0.184004
0.71988 0.177537
0.713855 0.171118
0.707831 0.164747
0.701807 0.158421
0.695783 0.152139
0.689759 0.1459
0.683735 0.139702
0.677711 0.133544
0.671687 0.127425
0.665663 0.121342
0.659639 0.115295
0.653614 0.109282
0.64759 0.103303
0.641566 0.097355
0.635542 0.0914378
0.629518 0.0855499
0.623494 0.0796902
0.61747 0.0738576
0.611446 0.0680508
0.605422 0.0622688
0.599398 0.0565106
0.593373 0.0507751
0.587349 0.0450613
0.581325 0.0393682
0.575301 0.0336948
0.569277 0.0280401
0.563253 0.0224033
0.557229 0.0167835
0.551205 0.0111798
0.545181 0.00559124
0.539157 1.71248e-05
0.533133 -0.0055434
0.527108 -0.0110911
0.521084 -0.0166268
0.51506 -0.0221512
0.509036 -0.027665
0.503012 -0.0331689
0.496988 -0.0386635
0.490964 -0.0441497
0.48494 -0.0496279
0.478916 -0.0550988
0.472892 -0.060563
0.466867 -0.066021
0.460843 -0.0714734
0.454819 -0.0769208
0.448795 -0.0823635
0.442771 -0.0878023
0.436747 -0.0932373
0.430723 -0.0986693
0.424699 -0.104098
0.418675 -0.109525
0.412651 -0.11495
0.406627 -0.120374
0.400602 -0.125796
0.394578 -0.131217
0.388554 -0.136638
0.38253 -0.142058
0.376506 -0.147479
0.370482 -0.1529
0.364458 -0.158321
0.358434 -0.163744
0.35241 -0.169168
0.346386 -0.174593
0.340361 -0.180021
0.334337 -0.185451
0.328313 -0.190884
0.322289 -0.19632
0.316265 -0.201759
0.310241 -0.207202
0.304217 -0.212649
0.298193 -0.2181
0.292169 -0.223554
0.286145 -0.229013
0.28012 -0.234474
0.274096 -0.239936
0.268072 -0.245399
0.262048 -0.25086
0.256024 -0.256315
0.25 -0.261763
0.243976 -0.267199
0.237952 -0.272621
0.231928 -0.278024
0.225904 -0.283406
0.21988 -0.28877
0.213855 -0.294117
0.207831 -0.299458
0.201807 -0.304807
0.195783 -0.310191
0.189759 -0.315642
0.183735 -0.321206
0.177711 -0.326939
0.171687 -0.332905
0.165663 -0.339172
0.159639 -0.345803
0.153614 -0.352847
0.14759 -0.360323
0.141566 -0.368203
0.135542 -0.376393
0.129518 -0.384714
0.123494 -0.392892
0.11747 -0.400547
0.111446 -0.407204
0.105422 -0.412315
0.0993976 -0.415292
0.0933735 -0.415566
0.0873494 -0.412639
0.0813253 -0.406148
0.0753012 -0.395905
0.0692771 -0.381924
0.063253 -0.364422
0.0572289 -0.343789
0.0512048 -0.320536
0.0451807 -0.2952
0.0391566 -0.268173
0.0331325 -0.239461
0.0271084 -0.208426
0.0210843 -0.173713
0.0150602 -0.13354
0.00903614 -0.0863408
0.00301205 -0.0313711