0.995 0.948616
0.985 0.842396
0.975 0.740214
0.965 0.647768
0.955 0.568343
0.945 0.502981
0.935 0.451031
0.925 0.410793
0.915 0.380089
0.905 0.356687
0.895 0.33857
0.885 0.324064
0.875 0.311872
0.865 0.301044
0.855 0.290923
0.845 0.281076
0.835 0.271232
0.825 0.261235
0.815 0.251005
0.805 0.240508
0.795 0.229742
0.785 0.21872
0.775 0.207465
0.765 0.196006
0.755 0.184373
0.745 0.172596
0.735 0.160707
0.725 0.148733
0.715 0.136701
0.705 0.124635
0.695 0.112556
0.685 0.100485
0.675 0.0884367
0.665 0.0764258
0.655 0.064463
0.645 0.0525565
0.635 0.0407117
0.625 0.0289312
0.615 0.0172149
0.605 0.00556014
0.595 -0.00603854
0.585 -0.0175889
0.575 -0.0291013
0.565 -0.0405879
0.555 -0.0520631
0.545 -0.0635427
0.535 -0.0750437
0.525 -0.0865835
0.515 -0.0981797
0.505 -0.109848
0.495 -0.121604
0.485 -0.133457
0.475 -0.145414
0.465 -0.157474
0.455 -0.169629
0.445 -0.181862
0.435 -0.194142
0.425 -0.206427
0.415 -0.218661
0.405 -0.230772
0.395 -0.24267
0.385 -0.254254
0.375 -0.265404
0.365 -0.275992
0.355 -0.285876
0.345 -0.294911
0.335 -0.302949
0.325 -0.309846
0.315 -0.315469
0.305 -0.319696
0.295 -0.32243
0.285 -0.323595
0.275 -0.323147
0.265 -0.321072
0.255 -0.317387
0.245 -0.312144
0.235 -0.305424
0.225 -0.297334
0.215 -0.288005
0.205 -0.277585
0.195 -0.266234
0.185 -0.254116
0.175 -0.241394
0.165 -0.228227
0.155 -0.214758
0.145 -0.201116
0.135 -0.187406
0.125 -0.173711
0.115 -0.160086
0.105 -0.146562
0.095 -0.133143
0.085 -0.119808
0.075 -0.106516
0.065 -0.0932068
0.055 -0.0798051
0.045 -0.0662239
0.035 -0.0523665
0.025 -0.0381285
0.015 -0.0233969
0.005 -0.00804954