0.996988 0.907794
0.990964 0.728874
0.98494 0.583804
0.978916 0.482591
0.972892 0.420861
0.966867 0.387847
0.960843 0.372468
0.954819 0.366261
0.948795 0.363905
0.942771 0.362563
0.936747 0.360948
0.930723 0.358593
0.924699 0.355403
0.918675 0.351431
0.912651 0.346787
0.906627 0.341597
0.900602 0.33599
0.894578 0.330088
0.888554 0.324006
0.88253 0.317845
0.876506 0.311694
0.870482 0.305624
0.864458 0.299691
0.858434 0.293936
0.85241 0.288385
0.846386 0.28305
0.840361 0.277933
0.834337 0.273027
0.828313 0.268317
0.822289 0.263783
0.816265 0.259403
0.810241 0.255151
0.804217 0.251003
0.798193 0.246933
0.792169 0.242918
0.786145 0.238935
0.78012 0.234964
0.774096 0.230986
0.768072 0.226983
0.762048 0.22294
0.756024 0.218844
0.75 0.214681
0.743976 0.210441
0.737952 0.206114
0.731928 0.20169
0.725904 0.197161
0.71988 0.192519
0.713855 0.187759
0.707831 0.182873
0.701807 0.177858
0.695783 0.17271
0.689759 0.167423
0.683735 0.161998
0.677711 0.156431
0.671687 0.150721
0.665663 0.14487
0.659639 0.138877
0.653614 0.132745
0.64759 0.126475
0.641566 0.120072
0.635542 0.113539
0.629518 0.106881
0.623494 0.100104
0.61747 0.0932135
0.611446 0.0862176
0.605422 0.0791233
0.599398 0.071939
0.593373 0.0646735
0.587349 0.0573359
0.581325 0.0499363
0.575301 0.0424845
0.569277 0.0349914
0.563253 0.0274675
0.557229 0.0199241
0.551205 0.0123722
0.545181 0.00482337
0.539157 -0.00271115
0.533133 -0.01022
0.527108 -0.0176918
0.521084 -0.0251155
0.51506 -0.0324801
0.509036 -0.039775
0.503012 -0.0469899
0.496988 -0.0541148
0.490964 -0.0611401
0.48494 -0.0680568
0.478916 -0.0748564
0.472892 -0.0815309
0.466867 -0.088073
0.460843 -0.094476
0.454819 -0.100734
0.448795 -0.106841
0.442771 -0.112793
0.436747 -0.118586
0.430723 -0.124217
0.424699 -0.129683
0.418675 -0.134982
0.412651 -0.140115
0.406627 -0.145079
0.400602 -0.149878
0.394578 -0.15451
0.388554 -0.15898
0.38253 -0.163289
0.376506 -0.167442
0.370482 -0.171443
0.364458 -0.175297
0.358434 -0.179009
0.35241 -0.182588
0.346386 -0.186039
0.340361 -0.18937
0.334337 -0.192591
0.328313 -0.195709
0.322289 -0.198733
0.316265 -0.201674
0.310241 -0.204541
0.304217 -0.207342
0.298193 -0.210087
0.292169 -0.212785
0.286145 -0.215444
0.28012 -0.218071
0.274096 -0.220675
0.268072 -0.223262
0.262048 -0.225837
0.256024 -0.228409
0.25 -0.230984
0.243976 -0.233569
0.237952 -0.236177
0.231928 -0.238822
0.225904 -0.241521
0.21988 -0.244301
0.213855 -0.247194
0.207831 -0.250242
0.201807 -0.253498
0.195783 -0.257022
0.189759 -0.260887
0.183735 -0.265171
0.177711 -0.269958
0.171687 -0.275327
0.165663 -0.281349
0.159639 -0.288074
0.153614 -0.29552
0.14759 -0.303657
0.141566 -0.312397
0.135542 -0.321575
0.129518 -0.330947
0.123494 -0.340179
0.11747 -0.348859
0.111446 -0.356505
0.105422 -0.3626
0.0993976 -0.366619
0.0933735 -0.368082
0.0873494 -0.366592
0.0813253 -0.361882
0.0753012 -0.353837
0.0692771 -0.342514
0.063253 -0.328128
0.0572289 -0.311021
0.0512048 -0.291595
0.0451807 -0.270199
0.0391566 -0.246957
0.0331325 -0.221585
0.0271084 -0.193277
0.0210843 -0.16081
0.0150602 -0.122913
0.00903614 -0.0787666
0.00301205 -0.0282766