0.995 0.948297
0.985 0.841442
0.975 0.738687
0.965 0.645748
0.955 0.565918
0.945 0.500239
0.935 0.44806
0.925 0.40768
0.915 0.376913
0.905 0.353521
0.895 0.335475
0.885 0.321089
0.875 0.309051
0.865 0.298403
0.855 0.288475
0.845 0.278824
0.835 0.269174
0.825 0.259363
0.815 0.249307
0.805 0.238968
0.795 0.228341
0.785 0.217439
0.775 0.206284
0.765 0.194904
0.755 0.183329
0.745 0.171591
0.735 0.15972
0.725 0.147745
0.715 0.135695
0.705 0.123594
0.695 0.111466
0.685 0.0993313
0.675 0.0872079
0.665 0.0751109
0.655 0.0630526
0.645 0.0510426
0.635 0.0390873
0.625 0.0271904
0.615 0.0153529
0.605 0.00357268
0.595 -0.00815486
0.585 -0.019837
0.575 -0.0314835
0.565 -0.0431064
0.555 -0.0547194
0.545 -0.0663381
0.535 -0.0779791
0.525 -0.0896591
0.515 -0.101395
0.505 -0.113201
0.495 -0.125091
0.485 -0.137072
0.475 -0.149149
0.465 -0.161317
0.455 -0.173564
0.445 -0.185867
0.435 -0.198191
0.425 -0.210487
0.415 -0.222692
0.405 -0.234725
0.395 -0.246493
0.385 -0.257885
0.375 -0.268777
0.365 -0.279036
0.355 -0.288517
0.345 -0.297075
0.335 -0.304564
0.325 -0.310844
0.315 -0.315788
0.305 -0.319288
0.295 -0.321257
0.285 -0.321634
0.275 -0.320391
0.265 -0.31753
0.255 -0.313086
0.245 -0.307127
0.235 -0.299746
0.225 -0.291065
0.215 -0.281224
0.205 -0.270377
0.195 -0.258689
0.185 -0.246326
0.175 -0.233451
0.165 -0.220217
0.155 -0.206765
0.145 -0.193217
0.135 -0.179673
0.125 -0.166209
0.115 -0.152877
0.105 -0.139703
0.095 -0.126687
0.085 -0.113808
0.075 -0.101024
0.065 -0.088274
0.055 -0.0754846
0.045 -0.062569
0.035 -0.0494309
0.025 -0.0359653
0.015 -0.0220585
0.005 -0.0075868