0.995 0.948606
0.985 0.842372
0.975 0.740181
0.965 0.64773
0.955 0.568303
0.945 0.50294
0.935 0.450991
0.925 0.410754
0.915 0.380051
0.905 0.35665
0.895 0.338534
0.885 0.324028
0.875 0.311837
0.865 0.30101
0.855 0.290889
0.845 0.281042
0.835 0.271199
0.825 0.261203
0.815 0.250973
0.805 0.240477
0.795 0.229712
0.785 0.21869
0.775 0.207435
0.765 0.195977
0.755 0.184344
0.745 0.172568
0.735 0.16068
0.725 0.148706
0.715 0.136674
0.705 0.124608
0.695 0.11253
0.685 0.100459
0.675 0.088411
0.665 0.0764003
0.655 0.0644378
0.645 0.0525316
0.635 0.040687
0.625 0.0289067
0.615 0.0171906
0.605 0.00553603
0.595 -0.00606249
0.585 -0.0176128
0.575 -0.029125
0.565 -0.0406115
0.555 -0.0520866
0.545 -0.0635661
0.535 -0.0750671
0.525 -0.0866069
0.515 -0.098203
0.505 -0.109872
0.495 -0.121627
0.485 -0.13348
0.475 -0.145437
0.465 -0.157497
0.455 -0.169653
0.445 -0.181885
0.435 -0.194165
0.425 -0.206451
0.415 -0.218684
0.405 -0.230794
0.395 -0.242692
0.385 -0.254275
0.375 -0.265426
0.365 -0.276013
0.355 -0.285896
0.345 -0.29493
0.335 -0.302967
0.325 -0.309864
0.315 -0.315485
0.305 -0.319712
0.295 -0.322444
0.285 -0.323609
0.275 -0.32316
0.265 -0.321083
0.255 -0.317398
0.245 -0.312154
0.235 -0.305433
0.225 -0.297343
0.215 -0.288014
0.205 -0.277594
0.195 -0.266242
0.185 -0.254124
0.175 -0.241402
0.165 -0.228235
0.155 -0.214767
0.145 -0.201125
0.135 -0.187416
0.125 -0.173721
0.115 -0.160097
0.105 -0.146575
0.095 -0.133157
0.085 -0.119824
0.075 -0.106535
0.065 -0.0932279
0.055 -0.0798287
0.045 -0.0662495
0.035 -0.0523928
0.025 -0.0381531
0.015 -0.0234162
0.005 -0.00805817