0.995833 0.9575
0.9875 0.86961
0.979167 0.783204
0.970833 0.701987
0.9625 0.62858
0.954167 0.564444
0.945833 0.510015
0.9375 0.464931
0.929167 0.428297
0.920833 0.398918
0.9125 0.375498
0.904167 0.356776
0.895833 0.341616
0.8875 0.32905
0.879167 0.318293
0.870833 0.308731
0.8625 0.299906
0.854167 0.291483
0.845833 0.283231
0.8375 0.274995
0.829167 0.266673
0.820833 0.258208
0.8125 0.249568
0.804167 0.240741
0.795833 0.231728
0.7875 0.222535
0.779167 0.213177
0.770833 0.203669
0.7625 0.194028
0.754167 0.184273
0.745833 0.17442
0.7375 0.164489
0.729167 0.154495
0.720833 0.144454
0.7125 0.13438
0.704167 0.124289
0.695833 0.114191
0.6875 0.104098
0.679167 0.0940199
0.670833 0.0839652
0.6625 0.073941
0.654167 0.063953
0.645833 0.0540058
0.6375 0.0441025
0.629167 0.0342448
0.620833 0.0244332
0.6125 0.0146669
0.604167 0.00494379
0.595833 -0.00473947
0.5875 -0.0143874
0.579167 -0.0240057
0.570833 -0.0336012
0.5625 -0.0431815
0.554167 -0.0527554
0.545833 -0.0623321
0.5375 -0.0719216
0.529167 -0.0815342
0.520833 -0.0911802
0.5125 -0.10087
0.504167 -0.110612
0.495833 -0.120415
0.4875 -0.130286
0.479167 -0.14023
0.470833 -0.150247
0.4625 -0.160338
0.454167 -0.170494
0.445833 -0.180707
0.4375 -0.19096
0.429167 -0.20123
0.420833 -0.211488
0.4125 -0.221697
0.404167 -0.231815
0.395833 -0.241788
0.3875 -0.251558
0.379167 -0.261057
0.370833 -0.270214
0.3625 -0.278948
0.354167 -0.287178
0.345833 -0.294817
0.3375 -0.301779
0.329167 -0.307979
0.320833 -0.313336
0.3125 -0.317773
0.304167 -0.321222
0.295833 -0.323627
0.2875 -0.324943
0.279167 -0.325137
0.270833 -0.324193
0.2625 -0.322111
0.254167 -0.318906
0.245833 -0.314609
0.2375 -0.309266
0.229167 -0.302936
0.220833 -0.295691
0.2125 -0.287611
0.204167 -0.278785
0.195833 -0.269307
0.1875 -0.259274
0.179167 -0.248782
0.170833 -0.237926
0.1625 -0.226793
0.154167 -0.215467
0.145833 -0.204021
0.1375 -0.192518
0.129167 -0.181008
0.120833 -0.169532
0.1125 -0.158113
0.104167 -0.146766
0.0958333 -0.13549
0.0875 -0.124273
0.0791667 -0.113094
0.0708333 -0.101921
0.0625 -0.0907127
0.0541667 -0.0794239
0.0458333 -0.068002
0.0375 -0.0563905
0.0291667 -0.0445288
0.0208333 -0.0323527
0.0125 -0.0197934
0.00416667 -0.00677717