0.996988 0.889495
0.990964 0.68293
0.98494 0.543633
0.978916 0.47284
0.972892 0.446828
0.966867 0.441647
0.960843 0.442755
0.954819 0.443961
0.948795 0.443448
0.942771 0.441004
0.936747 0.436855
0.930723 0.431312
0.924699 0.424684
0.918675 0.417255
0.912651 0.409272
0.906627 0.400944
0.900602 0.392436
0.894578 0.383874
0.888554 0.375344
0.88253 0.366906
0.876506 0.358592
0.870482 0.350417
0.864458 0.342382
0.858434 0.334482
0.85241 0.326708
0.846386 0.31905
0.840361 0.311497
0.834337 0.30404
0.828313 0.296673
0.822289 0.289388
0.816265 0.282181
0.810241 0.27505
0.804217 0.267991
0.798193 0.261002
0.792169 0.254082
0.786145 0.247227
0.78012 0.240438
0.774096 0.233712
0.768072 0.227047
0.762048 0.220442
0.756024 0.213895
0.75 0.207404
0.743976 0.200967
0.737952 0.194583
0.731928 0.18825
0.725904 0.181967
0.71988 0.175731
0.713855 0.169541
0.707831 0.163396
0.701807 0.157293
0.695783 0.151233
0.689759 0.145212
0.683735 0.139231
0.677711 0.133286
0.671687 0.127378
0.665663 0.121505
0.659639 0.115665
0.653614 0.109858
0.64759 0.104081
0.641566 0.0983347
0.635542 0.092617
0.629518 0.0869269
0.623494 0.0812634
0.61747 0.0756254
0.611446 0.0700118
0.605422 0.0644215
0.599398 0.0588537
0.593373 0.0533073
0.587349 0.0477814
0.581325 0.042275
0.575301 0.0367872
0.569277 0.0313172
0.563253 0.0258641
0.557229 0.020427
0.551205 0.0150051
0.545181 0.00959762
0.539157 0.00420379
0.533133 -0.00117715
0.527108 -0.00654594
0.521084 -0.0119033
0.51506 -0.0172499
0.509036 -0.0225864
0.503012 -0.0279135
0.496988 -0.0332318
0.490964 -0.038542
0.48494 -0.0438445
0.478916 -0.04914
0.472892 -0.0544291
0.466867 -0.0597122
0.460843 -0.0649898
0.454819 -0.0702626
0.448795 -0.0755308
0.442771 -0.080795
0.436747 -0.0860556
0.430723 -0.0913131
0.424699 -0.0965677
0.418675 -0.10182
0.412651 -0.10707
0.406627 -0.112319
0.400602 -0.117566
0.394578 -0.122812
0.388554 -0.128057
0.38253 -0.133302
0.376506 -0.138546
0.370482 -0.14379
0.364458 -0.149035
0.358434 -0.15428
0.35241 -0.159525
0.346386 -0.164771
0.340361 -0.170019
0.334337 -0.175267
0.328313 -0.180516
0.322289 -0.185767
0.316265 -0.191019
0.310241 -0.196273
0.304217 -0.201529
0.298193 -0.206786
0.292169 -0.212046
0.286145 -0.217307
0.28012 -0.222572
0.274096 -0.227839
0.268072 -0.23311
0.262048 -0.238384
0.256024 -0.243662
0.25 -0.248945
0.243976 -0.254232
0.237952 -0.259524
0.231928 -0.264821
0.225904 -0.27012
0.21988 -0.275421
0.213855 -0.280719
0.207831 -0.286012
0.201807 -0.291294
0.195783 -0.296559
0.189759 -0.3018
0.183735 -0.307014
0.177711 -0.312198
0.171687 -0.317359
0.165663 -0.322511
0.159639 -0.327686
0.153614 -0.332935
0.14759 -0.338331
0.141566 -0.343971
0.135542 -0.349969
0.129518 -0.356443
0.123494 -0.363493
0.11747 -0.371165
0.111446 -0.379406
0.105422 -0.388013
0.0993976 -0.396588
0.0933735 -0.404506
0.0873494 -0.410929
0.0813253 -0.414863
0.0753012 -0.415272
0.0692771 -0.411231
0.063253 -0.402078
0.0572289 -0.38754
0.0512048 -0.367778
0.0451807 -0.343354
0.0391566 -0.315105
0.0331325 -0.283888
0.0271084 -0.250039
0.0210843 -0.212477
0.0150602 -0.168036
0.00903614 -0.1123
0.00301205 -0.0422215