0.996988 0.889508
0.990964 0.682959
0.98494 0.543678
0.978916 0.472902
0.972892 0.446904
0.966867 0.441734
0.960843 0.442849
0.954819 0.444061
0.948795 0.443553
0.942771 0.441113
0.936747 0.436968
0.930723 0.43143
0.924699 0.424807
0.918675 0.417383
0.912651 0.409406
0.906627 0.401083
0.900602 0.392581
0.894578 0.384023
0.888554 0.3755
0.88253 0.367068
0.876506 0.358759
0.870482 0.350588
0.864458 0.342558
0.858434 0.334663
0.85241 0.326894
0.846386 0.31924
0.840361 0.311691
0.834337 0.304237
0.828313 0.296873
0.822289 0.289591
0.816265 0.282387
0.810241 0.275258
0.804217 0.268201
0.798193 0.261213
0.792169 0.254294
0.786145 0.24744
0.78012 0.240652
0.774096 0.233926
0.768072 0.227261
0.762048 0.220655
0.756024 0.214107
0.75 0.207615
0.743976 0.201176
0.737952 0.194791
0.731928 0.188455
0.725904 0.182169
0.71988 0.175931
0.713855 0.169738
0.707831 0.163589
0.701807 0.157483
0.695783 0.151418
0.689759 0.145393
0.683735 0.139407
0.677711 0.133458
0.671687 0.127544
0.665663 0.121665
0.659639 0.11582
0.653614 0.110006
0.64759 0.104224
0.641566 0.0984708
0.635542 0.0927465
0.629518 0.0870495
0.623494 0.0813789
0.61747 0.0757336
0.611446 0.0701126
0.605422 0.0645148
0.599398 0.0589393
0.593373 0.053385
0.587349 0.0478511
0.581325 0.0423366
0.575301 0.0368407
0.569277 0.0313624
0.563253 0.0259009
0.557229 0.0204554
0.551205 0.0150251
0.545181 0.00960921
0.539157 0.00420692
0.533133 -0.00118249
0.527108 -0.00655974
0.521084 -0.0119255
0.51506 -0.0172805
0.509036 -0.0226254
0.503012 -0.0279608
0.496988 -0.0332873
0.490964 -0.0386056
0.48494 -0.0439161
0.478916 -0.0492195
0.472892 -0.0545164
0.466867 -0.0598071
0.460843 -0.0650922
0.454819 -0.0703723
0.448795 -0.0756477
0.442771 -0.0809189
0.436747 -0.0861863
0.430723 -0.0914503
0.424699 -0.0967113
0.418675 -0.10197
0.412651 -0.107226
0.406627 -0.11248
0.400602 -0.117732
0.394578 -0.122983
0.388554 -0.128234
0.38253 -0.133483
0.376506 -0.138732
0.370482 -0.14398
0.364458 -0.149228
0.358434 -0.154477
0.35241 -0.159725
0.346386 -0.164974
0.340361 -0.170224
0.334337 -0.175474
0.328313 -0.180726
0.322289 -0.185978
0.316265 -0.191232
0.310241 -0.196486
0.304217 -0.201743
0.298193 -0.207
0.292169 -0.21226
0.286145 -0.217521
0.28012 -0.222785
0.274096 -0.228051
0.268072 -0.233321
0.262048 -0.238593
0.256024 -0.24387
0.25 -0.24915
0.243976 -0.254435
0.237952 -0.259725
0.231928 -0.265018
0.225904 -0.270314
0.21988 -0.275611
0.213855 -0.280906
0.207831 -0.286195
0.201807 -0.291472
0.195783 -0.296732
0.189759 -0.301969
0.183735 -0.307178
0.177711 -0.312357
0.171687 -0.317511
0.165663 -0.322658
0.159639 -0.327827
0.153614 -0.33307
0.14759 -0.338459
0.141566 -0.344093
0.135542 -0.350084
0.129518 -0.356551
0.123494 -0.363594
0.11747 -0.371259
0.111446 -0.379493
0.105422 -0.388092
0.0993976 -0.396659
0.0933735 -0.404569
0.0873494 -0.410984
0.0813253 -0.414909
0.0753012 -0.415309
0.0692771 -0.411256
0.063253 -0.402092
0.0572289 -0.387543
0.0512048 -0.367771
0.0451807 -0.343337
0.0391566 -0.315079
0.0331325 -0.283855
0.0271084 -0.250001
0.0210843 -0.212438
0.0150602 -0.168001
0.00903614 -0.112276
0.00301205 -0.042213