0 0
0.00417    -0.01723
0.01250    -0.04885
0.02083    -0.07795
0.02917    -0.10482
0.03750    -0.12984
0.04583    -0.15343
0.05417    -0.17598
0.06250    -0.19784
0.07083    -0.21922
0.07917    -0.24020
0.08750    -0.26072
0.09583    -0.28059
0.10417    -0.29954
0.11250    -0.31724
0.12083    -0.33335
0.12917    -0.34754
0.13750    -0.35954
0.14583    -0.36913
0.15417    -0.37617
0.16250    -0.38062
0.17083    -0.38251
0.17917    -0.38197
0.18750    -0.37920
0.19583    -0.37445
0.20417    -0.36801
0.21250    -0.36022
0.22083    -0.35137
0.22917    -0.34177
0.23750    -0.33168
0.24583    -0.32134
0.25417    -0.31092
0.26250    -0.30059
0.27083    -0.29043
0.27917    -0.28051
0.28750    -0.27088
0.29583    -0.26153
0.30417    -0.25246
0.31250    -0.24364
0.32083    -0.23505
0.32917    -0.22665
0.33750    -0.21841
0.34583    -0.21029
0.35417    -0.20226
0.36250    -0.19430
0.37083    -0.18638
0.37917    -0.17848
0.38750    -0.17059
0.39583    -0.16270
0.40417    -0.15480
0.41250    -0.14688
0.42083    -0.13894
0.42917    -0.13099
0.43750    -0.12301
0.44583    -0.11501
0.45417    -0.10699
0.46250    -0.09895
0.47083    -0.09089
0.47917    -0.08281
0.48750    -0.07471
0.49583    -0.06658
0.50417    -0.05844
0.51250    -0.05027
0.52083    -0.04207
0.52917    -0.03386
0.53750    -0.02561
0.54583    -0.01734
0.55417    -0.00903
0.56250    -0.00069
0.57083    0.00768
0.57917    0.01610
0.58750    0.02456
0.59583    0.03306
0.60417    0.04161
0.61250    0.05022
0.62083    0.05888
0.62917    0.06761
0.63750    0.07640
0.64583    0.08526
0.65417    0.09420
0.66250    0.10322
0.67083    0.11234
0.67917    0.12155
0.68750    0.13086
0.69583    0.14027
0.70417    0.14981
0.71250    0.15946
0.72083    0.16925
0.72917    0.17916
0.73750    0.18920
0.74583    0.19938
0.75417    0.20968
0.76250    0.22011
0.77083    0.23065
0.77917    0.24129
0.78750    0.25200
0.79583    0.26275
0.80417    0.27352
0.81250    0.28426
0.82083    0.29491
0.82917    0.30543
0.83750    0.31574
0.84583    0.32578
0.85417    0.33547
0.86250    0.34473
0.87083    0.35349
0.87917    0.36166
0.88750    0.36921
0.89583    0.37616
0.90417    0.38266
0.91250    0.38910
0.92083    0.39628
0.92917    0.40564
0.93750    0.41951
0.94583    0.44129
0.95417    0.47538
0.96250    0.52664
0.97083    0.59925
0.97917    0.69493
0.98750    0.81080
0.99583    0.93788
1 1