0.995 0.948617
0.985 0.842398
0.975 0.740217
0.965 0.647772
0.955 0.568348
0.945 0.502986
0.935 0.451037
0.925 0.4108
0.915 0.380096
0.905 0.356694
0.895 0.338577
0.885 0.32407
0.875 0.311878
0.865 0.30105
0.855 0.290928
0.845 0.28108
0.835 0.271236
0.825 0.261239
0.815 0.251009
0.805 0.240512
0.795 0.229745
0.785 0.218723
0.775 0.207467
0.765 0.196008
0.755 0.184375
0.745 0.172599
0.735 0.160709
0.725 0.148735
0.715 0.136703
0.705 0.124637
0.695 0.112559
0.685 0.100487
0.675 0.0884392
0.665 0.0764284
0.655 0.0644658
0.645 0.0525595
0.635 0.0407149
0.625 0.0289346
0.615 0.0172186
0.605 0.00556402
0.595 -0.00603442
0.585 -0.0175846
0.575 -0.0290967
0.565 -0.0405831
0.555 -0.052058
0.545 -0.0635373
0.535 -0.075038
0.525 -0.0865776
0.515 -0.0981735
0.505 -0.109842
0.495 -0.121597
0.485 -0.13345
0.475 -0.145406
0.465 -0.157466
0.455 -0.169622
0.445 -0.181854
0.435 -0.194134
0.425 -0.20642
0.415 -0.218654
0.405 -0.230764
0.395 -0.242663
0.385 -0.254247
0.375 -0.265398
0.365 -0.275986
0.355 -0.285871
0.345 -0.294907
0.335 -0.302946
0.325 -0.309844
0.315 -0.315468
0.305 -0.319697
0.295 -0.322432
0.285 -0.323599
0.275 -0.323153
0.265 -0.321079
0.255 -0.317396
0.245 -0.312154
0.235 -0.305435
0.225 -0.297346
0.215 -0.288019
0.205 -0.2776
0.195 -0.266249
0.185 -0.254131
0.175 -0.24141
0.165 -0.228243
0.155 -0.214774
0.145 -0.201132
0.135 -0.187421
0.125 -0.173726
0.115 -0.1601
0.105 -0.146576
0.095 -0.133156
0.085 -0.11982
0.075 -0.106527
0.065 -0.0932167
0.055 -0.0798137
0.045 -0.0662312
0.035 -0.0523724
0.025 -0.0381328
0.015 -0.0233996
0.005 -0.00805046
